time survival
0.000 1.00000
22.949 1.00000
22.949 0.99206
25.500 0.99206
25.500 0.98413
26.443 0.98413
26.443 0.97619
26.756 0.97619
26.756 0.96825
28.297 0.96825
28.297 0.96032
28.312 0.96032
28.312 0.95238
28.645 0.95238
28.645 0.94444
28.694 0.94444
28.694 0.92857
28.800 0.92857
28.800 0.92063
29.369 0.92063
29.369 0.91270
29.397 0.91270
29.397 0.90476
29.421 0.90476
29.421 0.89683
29.432 0.89683
29.432 0.88889
29.985 0.88889
29.985 0.88095
30.244 0.88095
30.244 0.87302
30.443 0.87302
30.443 0.86508
30.565 0.86508
30.565 0.85714
30.867 0.85714
30.867 0.84921
31.030 0.84921
31.030 0.84127
31.041 0.84127
31.041 0.83333
31.127 0.83333
31.127 0.82540
31.407 0.82540
31.407 0.81746
31.425 0.81746
31.425 0.80952
31.562 0.80952
31.562 0.79365
31.601 0.79365
31.601 0.78571
31.650 0.78571
31.650 0.77778
31.700 0.77778
31.700 0.76984
31.752 0.76984
31.752 0.76190
32.437 0.76190
32.437 0.75397
32.646 0.75397
32.646 0.74603
33.476 0.74603
33.476 0.73810
33.556 0.73810
33.556 0.73016
33.557 0.73016
33.557 0.72222
33.638 0.72222
33.638 0.71429
33.644 0.71429
33.644 0.70635
33.758 0.70635
33.758 0.69841
33.789 0.69841
33.789 0.69048
34.954 0.69048
34.954 0.68254
35.056 0.68254
35.056 0.67460
35.188 0.67460
35.188 0.66667
36.167 0.66667
36.167 0.65873
36.426 0.65873
36.426 0.65079
37.091 0.65079
37.091 0.64286
37.258 0.64286
37.258 0.63492
37.793 0.63492
37.793 0.62698
38.464 0.62698
38.464 0.61905
38.613 0.61905
38.613 0.61111
39.046 0.61111
39.046 0.60317
39.359 0.60317
39.359 0.59524
39.360 0.59524
39.360 0.58730
39.569 0.58730
39.569 0.57937
40.276 0.57937
40.276 0.57143
40.298 0.57143
40.298 0.56349
40.400 0.56349
40.400 0.55556
40.776 0.55556
40.776 0.54762
41.084 0.54762
41.084 0.53968
41.153 0.53968
41.153 0.53175
41.222 0.53175
41.222 0.52381
41.393 0.52381
41.393 0.51587
41.734 0.51587
41.734 0.50794
41.773 0.50794
41.773 0.50000
41.775 0.50000
41.775 0.49206
41.783 0.49206
41.783 0.47619
41.869 0.47619
41.869 0.46825
42.002 0.46825
42.002 0.46032
42.026 0.46032
42.026 0.45238
42.082 0.45238
42.082 0.44444
42.203 0.44444
42.203 0.43651
42.241 0.43651
42.241 0.42063
42.363 0.42063
42.363 0.41270
43.477 0.41270
43.477 0.40476
43.608 0.40476
43.608 0.38889
43.725 0.38889
43.725 0.38095
43.763 0.38095
43.763 0.36508
43.926 0.36508
43.926 0.35714
44.452 0.35714
44.452 0.33333
44.486 0.33333
44.486 0.32540
44.685 0.32540
44.685 0.31746
45.351 0.31746
45.351 0.30159
45.703 0.30159
45.703 0.29365
46.158 0.29365
46.158 0.28571
46.748 0.28571
46.748 0.27778
46.796 0.27778
46.796 0.26984
47.285 0.26984
47.285 0.26190
48.046 0.26190
48.046 0.25397
48.891 0.25397
48.891 0.24603
48.901 0.24603
48.901 0.23810
48.946 0.23810
48.946 0.23016
49.003 0.23016
49.003 0.22222
50.131 0.22222
50.131 0.21429
51.713 0.21429
51.713 0.20635
51.972 0.20635
51.972 0.19841
52.032 0.19841
52.032 0.19048
53.039 0.19048
53.039 0.18254
54.172 0.18254
54.172 0.17460
54.245 0.17460
54.245 0.16667
54.290 0.16667
54.290 0.15079
55.251 0.15079
55.251 0.14286
55.544 0.14286
55.544 0.13492
55.595 0.13492
55.595 0.12698
55.877 0.12698
55.877 0.11905
56.175 0.11905
56.175 0.11111
57.411 0.11111
57.411 0.10317
60.386 0.10317
60.386 0.09524
60.899 0.09524
60.899 0.08730
62.833 0.08730
62.833 0.07937
63.116 0.07937
63.116 0.07143
63.317 0.07143
63.317 0.06349
64.273 0.06349
64.273 0.05556
64.399 0.05556
64.399 0.04762
64.488 0.04762
64.488 0.03968
66.915 0.03968
66.915 0.03175
67.812 0.03175
67.812 0.02381
69.410 0.02381
69.410 0.01587
72.067 0.01587
72.067 0.00794
74.680 0.00794
74.680 0.00000
