time survival
0.000 1.00000
16.126 1.00000
16.126 0.99206
17.038 0.99206
17.038 0.98413
19.400 0.98413
19.400 0.97619
19.797 0.97619
19.797 0.96825
20.019 0.96825
20.019 0.96032
20.230 0.96032
20.230 0.95238
21.447 0.95238
21.447 0.94444
21.481 0.94444
21.481 0.93651
21.575 0.93651
21.575 0.92857
21.722 0.92857
21.722 0.92063
22.138 0.92063
22.138 0.91270
22.212 0.91270
22.212 0.90476
22.358 0.90476
22.358 0.88889
22.932 0.88889
22.932 0.88095
23.430 0.88095
23.430 0.87302
23.565 0.87302
23.565 0.86508
23.601 0.86508
23.601 0.85714
24.909 0.85714
24.909 0.84921
24.913 0.84921
24.913 0.84127
25.057 0.84127
25.057 0.83333
25.270 0.83333
25.270 0.82540
26.316 0.82540
26.316 0.81746
26.480 0.81746
26.480 0.80952
26.664 0.80952
26.664 0.80159
26.816 0.80159
26.816 0.79365
27.211 0.79365
27.211 0.78571
27.909 0.78571
27.909 0.76984
28.480 0.76984
28.480 0.76190
28.630 0.76190
28.630 0.75397
28.634 0.75397
28.634 0.74603
28.794 0.74603
28.794 0.73810
28.940 0.73810
28.940 0.73016
29.467 0.73016
29.467 0.72222
29.498 0.72222
29.498 0.69841
30.187 0.69841
30.187 0.69048
30.266 0.69048
30.266 0.68254
30.812 0.68254
30.812 0.67460
31.805 0.67460
31.805 0.66667
32.107 0.66667
32.107 0.65873
32.234 0.65873
32.234 0.65079
32.724 0.65079
32.724 0.64286
32.921 0.64286
32.921 0.63492
33.884 0.63492
33.884 0.62698
34.413 0.62698
34.413 0.61905
34.422 0.61905
34.422 0.61111
34.459 0.61111
34.459 0.60317
35.082 0.60317
35.082 0.59524
35.465 0.59524
35.465 0.58730
35.838 0.58730
35.838 0.57937
36.093 0.57937
36.093 0.57143
36.234 0.57143
36.234 0.56349
36.388 0.56349
36.388 0.55556
36.688 0.55556
36.688 0.54762
36.766 0.54762
36.766 0.53968
38.942 0.53968
38.942 0.53175
39.155 0.53175
39.155 0.52381
40.164 0.52381
40.164 0.51587
40.626 0.51587
40.626 0.50794
41.508 0.50794
41.508 0.49206
41.513 0.49206
41.513 0.48413
41.760 0.48413
41.760 0.47619
41.957 0.47619
41.957 0.46825
42.629 0.46825
42.629 0.46032
42.653 0.46032
42.653 0.45238
42.740 0.45238
42.740 0.43651
42.797 0.43651
42.797 0.42857
43.099 0.42857
43.099 0.42063
43.840 0.42063
43.840 0.41270
44.648 0.41270
44.648 0.40476
44.786 0.40476
44.786 0.39683
44.953 0.39683
44.953 0.38889
45.098 0.38889
45.098 0.38095
45.255 0.38095
45.255 0.36508
45.965 0.36508
45.965 0.35714
45.982 0.35714
45.982 0.34921
46.270 0.34921
46.270 0.34127
46.536 0.34127
46.536 0.33333
46.921 0.33333
46.921 0.32540
47.059 0.32540
47.059 0.31746
48.418 0.31746
48.418 0.30952
49.475 0.30952
49.475 0.30159
50.406 0.30159
50.406 0.29365
50.498 0.29365
50.498 0.28571
50.684 0.28571
50.684 0.27778
52.855 0.27778
52.855 0.26984
53.795 0.26984
53.795 0.26190
53.883 0.26190
53.883 0.25397
53.924 0.25397
53.924 0.24603
54.564 0.24603
54.564 0.23810
55.409 0.23810
55.409 0.23016
57.447 0.23016
57.447 0.22222
57.449 0.22222
57.449 0.21429
57.473 0.21429
57.473 0.20635
57.991 0.20635
57.991 0.19841
58.176 0.19841
58.176 0.19048
59.121 0.19048
59.121 0.18254
61.067 0.18254
61.067 0.17460
61.428 0.17460
61.428 0.16667
62.113 0.16667
62.113 0.15873
62.204 0.15873
62.204 0.15079
63.096 0.15079
63.096 0.14286
66.737 0.14286
66.737 0.13492
67.670 0.13492
67.670 0.12698
68.237 0.12698
68.237 0.11905
68.820 0.11905
68.820 0.10317
69.083 0.10317
69.083 0.09524
69.950 0.09524
69.950 0.08730
70.389 0.08730
70.389 0.07937
71.365 0.07937
71.365 0.07143
75.211 0.07143
75.211 0.06349
75.221 0.06349
75.221 0.05556
75.998 0.05556
75.998 0.04762
79.346 0.04762
79.346 0.03968
83.177 0.03968
83.177 0.03175
84.885 0.03175
84.885 0.01587
87.673 0.01587
87.673 0.00794
88.185 0.00794
88.185 0.00000
